#井号被过滤掉
 121408398134
 131773401898
 333671795030
 402163501692
 430427493096
 435341840356
 478552171082
 499637634498
 668599595076
 706889976730
 746586583036
 779913308094
 791806124412
 818688008600
 843632909698
 889646730432
1097327282450
1100692809356
1111386033442
1209007443270
1438214995772
1545980863202
1743752452782
1754908912338
1996501050990
2116954007086
2119888581090
2221048657426
2249864651398
2252909928942
2267572589792
2317354608742
2327400048864
2386461193464
2417176385560
2426744849500
2439310640686
2441522166416
2508270409162
2564031769724
2613309941838
2653688286662
2770527072034
2799810616096
2874506720262
2918778700520
3028759366122
3210534937240
3572259811106
3706599208122
3779202147082
3865298127882
3878772572036
3901141816038
3933059261238
3933079991878
3998286084064
4050419483572
4124204378640
4168428843432
4190011295050
4249529382664
4278683862598
4320426607848
4323415172150
4337995805484
4532728990348
4543881468818
4632559210848
4857915187244
4902632009066
5011426591278
5017383509754
5368037994410
5380526832930
5410330201908
5411503348762
5426749024522
5445031072024
5470321739102
5606564686878
5631766382462
5648495089212
5902505207774
5970773376136
5990469729178
6156345985142
6182700999408
6226498581126
6348289117314
6437336307600
6506370963468
6538857085378
6653768838708
6701246019822
6708933264482
6720131182468
6759675027194
6801176625728
6810294152304
7030293379300
7059553105860
7120604610632
7143256515450
7186682326172
7199481188252
7202145734052
7214603488940
7344944719162
7441136227378
7561029548014
7680727355780
7803667003880
7868394319600
7892145539372
7898011199552
7917247395662
8021739696896
8086195424834
8193410844894
8307845031176
8311754241414
8342455221372
8621336823962
8633823476708
8735794285502
8755588433176
8780708048270