#井号被过滤掉
  68013544898
 145943592340
 152119497542
 298399781108
 448222360912
 555150826976
 610755739158
 713324141518
 732958782552
 780013289468
 807388280576
 862505006728
 943053650460
1004128691788
1085164032238
1366187421056
1615971259112
1686391017968
1750073203362
1834612909146
2247506803862
2340887909676
2377399722792
2559664922912
2563604388554
2580706938460
2647636576406
2650440385212
2716113183086
2824429717930
3000822797318
3009431677080
3154297268134
3188744490850
3494580971222
3522516036724
3774954554886
3808113574118
3815347795128
3817698734928
3978317211074
4049804396384
4067560028926
4079355075440
4131259215750
4135110040800
4147847332742
4215677799812
4267398532260
4378192171118